OFF-TASK TIME REPORT
============================================================

Student   Test Time (sec)   Off-task (sec)    Off-task %  
------------------------------------------------------------
01        540.0             12.0              2.22        
02        398.0             22.0              5.53        
03        355.0             177.0             49.86       
04        516.0             0.0               0.00        
05        485.0             68.0              14.02       
06        355.0             119.0             33.52       
07        341.0             18.0              5.28        
08        437.0             141.0             32.27       
09        565.0             0.0               0.00        
10        570.0             0.0               0.00        
11        545.0             0.0               0.00        
12        366.0             43.0              11.75       
13        474.0             66.0              13.92       
14        503.0             41.0              8.15        
15        352.0             0.0               0.00        
16        410.0             0.0               0.00        
17        563.0             0.0               0.00        
18        209.0             0.0               0.00        
19        571.0             0.0               0.00        
20        452.0             0.0               0.00        
21        314.0             0.0               0.00        
22        556.0             37.0              6.65        
23        428.0             69.0              16.12       
24        562.0             129.0             22.95       
25        171.0             92.0              53.80       
26        346.0             0.0               0.00        
27        552.0             0.0               0.00        
28        360.0             0.0               0.00        
29        402.0             0.0               0.00        

CSV FORMAT
student_id,total_test_time_sec,total_off_time_sec,off_task_percent
01,540.0,12.0,2.22
02,398.0,22.0,5.53
03,355.0,177.0,49.86
04,516.0,0.0,0.00
05,485.0,68.0,14.02
06,355.0,119.0,33.52
07,341.0,18.0,5.28
08,437.0,141.0,32.27
09,565.0,0.0,0.00
10,570.0,0.0,0.00
11,545.0,0.0,0.00
12,366.0,43.0,11.75
13,474.0,66.0,13.92
14,503.0,41.0,8.15
15,352.0,0.0,0.00
16,410.0,0.0,0.00
17,563.0,0.0,0.00
18,209.0,0.0,0.00
19,571.0,0.0,0.00
20,452.0,0.0,0.00
21,314.0,0.0,0.00
22,556.0,37.0,6.65
23,428.0,69.0,16.12
24,562.0,129.0,22.95
25,171.0,92.0,53.80
26,346.0,0.0,0.00
27,552.0,0.0,0.00
28,360.0,0.0,0.00
29,402.0,0.0,0.00
